X = 0
Y = -20
Cost = 1.0119
########################
X = 340
Y = -20
Cost = 4.39588
########################
X = 667
Y = -20
Cost = 9.37132
